%YAML:1.0
---
mtx: !!opencv-matrix
   rows: 3
   cols: 3
   dt: d
   data: [ 454.88173547887061, 0., 234.11271394422656, 0.,
       455.74484968656606, 156.1650882167196, 0., 0., 1. ]
dist: !!opencv-matrix
   rows: 1
   cols: 5
   dt: d
   data: [ -0.043406693911448635, -1.3597118731615976,
       0.013900515070715498, 0.00038657616343558767, 13.741457803021884 ]
